```
$keys right_lid_raiser left_lid_raiser right_lid_tightener left_lid_tightener right_lid_droop left_lid_droop right_lid_closer left_lid_closer half_closed blink right_lid_squinter left_lid_squinter right_inner_raiser left_inner_raiser right_outer_raiser left_outer_raiser right_lowerer left_lowerer right_cheek_raiser left_cheek_raiser right_wrinkler left_wrinkler dilator right_upper_raiser left_upper_raiser right_corner_puller left_corner_puller right_corner_depressor left_corner_depressor chin_raiser right_part left_part right_puckerer left_puckerer right_funneler left_funneler right_stretcher left_stretcher bite presser tightener jaw_clencher jaw_drop right_mouth_drop left_mouth_drop right_cheek_puffer left_cheek_puffer mouth_sideways jaw_sideways lower_lip eyes_updown
$hasweighting
"angry2 - dialogue" "_" 0.000 0.000 0.000 0.000 0.410 1.000 0.410 1.000 0.000 0.000 0.000 0.000 0.000 0.000 0.000 0.000 0.000 0.000 0.000 0.000 0.480 1.000 0.480 1.000 0.000 0.000 0.000 0.000 0.000 1.000 0.340 1.000 0.850 1.000 0.272 1.000 0.000 1.000 0.000 1.000 0.310 1.000 0.310 1.000 0.000 0.000 0.200 1.000 0.000 1.000 0.000 0.000 0.000 0.000 0.000 0.000 0.000 0.000 0.240 1.000 0.000 0.000 0.000 0.000 0.000 0.000 0.000 0.000 0.000 0.000 0.000 0.000 0.050 1.000 0.050 1.000 0.190 1.000 0.000 0.000 0.000 0.000 0.000 0.000 0.000 0.000 0.000 0.000 0.000 0.000 0.000 0.000 0.000 0.000 0.000 0.000 0.000 0.000 0.000 0.000 0.000 0.000 "angry2 - dialogue"
"optimistic - dialogue" "_" 0.000 1.000 0.000 1.000 0.000 1.000 0.000 1.000 0.000 0.000 0.000 0.000 0.000 0.000 0.000 0.000 0.000 0.000 0.000 0.000 0.414 1.000 0.450 1.000 0.696 1.000 0.810 1.000 0.000 1.000 0.260 1.000 0.340 1.000 0.191 1.000 0.730 1.000 0.146 1.000 0.530 1.000 0.000 1.000 0.000 1.000 0.000 1.000 0.000 1.000 0.564 1.000 0.940 1.000 0.000 0.000 0.000 0.000 0.000 0.000 0.490 1.000 0.441 1.000 0.000 0.000 0.000 0.000 0.000 0.000 0.000 0.000 0.000 0.000 0.000 0.000 0.000 1.000 0.000 0.000 0.000 0.000 0.000 1.000 0.000 0.000 0.000 1.000 0.000 1.000 0.000 1.000 0.000 1.000 -0.020 1.000 -0.040 1.000 0.000 0.000 0.600 1.000 "optimistic - dialogue"
"smile - full" "_" 0.000 0.000 0.000 0.000 0.000 0.000 0.000 0.000 0.000 0.000 0.000 0.000 0.000 0.000 0.000 0.000 0.000 0.000 0.000 0.000 0.740 1.000 0.740 1.000 0.360 1.000 0.360 1.000 0.080 1.000 0.080 1.000 0.000 0.000 0.000 0.000 0.780 1.000 0.593 1.000 0.000 1.000 0.000 1.000 0.000 0.000 0.000 0.000 0.000 0.000 1.000 1.000 0.880 1.000 0.000 0.000 0.000 0.000 0.000 0.000 0.940 1.000 0.940 1.000 0.000 0.000 0.000 0.000 0.000 0.000 0.000 0.000 0.000 0.000 0.000 0.000 0.000 0.000 0.000 0.000 0.000 0.000 0.000 0.000 0.000 0.000 0.000 0.000 0.000 0.000 0.000 0.000 0.000 0.000 0.000 0.000 0.000 0.000 0.000 0.000 0.000 0.000 "smile - full"
"gruff - dialogue" "_" 0.000 0.000 0.000 0.000 0.590 1.000 0.354 1.000 0.000 0.000 0.000 0.000 0.000 0.000 0.000 0.000 0.000 0.000 0.000 0.000 0.250 1.000 0.250 1.000 0.000 0.000 0.000 0.000 0.000 0.000 0.000 0.000 0.460 1.000 0.285 1.000 0.440 1.000 0.176 1.000 0.680 1.000 0.218 1.000 0.000 0.000 0.240 1.000 0.067 1.000 0.000 0.000 0.000 0.000 0.000 1.000 0.000 1.000 0.260 1.000 0.000 1.000 0.000 1.000 0.000 0.000 0.000 0.000 0.000 0.000 0.000 0.000 0.460 1.000 0.000 1.000 0.000 0.000 0.000 0.000 0.000 0.000 0.000 0.000 0.000 0.000 0.000 0.000 0.000 0.000 0.000 0.000 0.000 0.000 0.000 0.000 0.000 0.000 0.000 0.000 0.000 0.000 "gruff - dialogue"
"smile - half" "_" 0.000 0.000 0.000 0.000 0.000 0.000 0.000 0.000 0.000 0.000 0.000 0.000 0.000 0.000 0.000 0.000 0.000 0.000 0.000 0.000 0.730 1.000 0.730 1.000 0.090 1.000 0.090 1.000 0.000 0.000 0.000 0.000 0.000 0.000 0.000 0.000 0.910 1.000 0.528 1.000 0.000 0.000 0.000 0.000 0.000 0.000 0.000 0.000 0.000 0.000 1.000 1.000 0.700 1.000 0.210 1.000 0.210 1.000 0.000 0.000 0.310 1.000 0.056 1.000 0.000 0.000 0.000 0.000 0.000 0.000 0.000 0.000 0.000 0.000 0.000 0.000 0.000 0.000 0.000 0.000 0.000 0.000 0.000 0.000 0.000 0.000 0.000 0.000 0.000 0.000 0.000 0.000 0.000 0.000 0.000 0.000 0.000 0.000 0.000 0.000 0.000 0.000 "smile - half"
"angry - dialogue" "_" 0.310 1.000 0.310 1.000 0.760 1.000 0.730 1.000 0.000 1.000 0.000 1.000 0.000 1.000 0.000 1.000 0.000 0.000 0.000 0.000 0.000 0.000 0.000 0.000 0.000 1.000 0.000 1.000 0.000 1.000 0.000 1.000 0.860 1.000 1.000 1.000 0.400 1.000 0.248 1.000 0.530 1.000 0.222 1.000 0.250 1.000 0.410 1.000 0.254 1.000 0.260 1.000 0.057 1.000 0.640 1.000 0.115 1.000 0.000 1.000 0.730 0.000 0.730 0.000 0.000 0.000 0.000 0.000 0.000 0.000 0.000 0.000 0.280 0.000 0.280 0.000 0.000 0.000 0.000 0.000 0.090 0.000 0.000 0.000 0.160 1.000 0.300 1.000 0.300 1.000 0.000 0.000 0.000 0.000 -0.020 0.000 -0.020 1.000 0.000 0.000 3.600 1.000 "angry - dialogue"
"shocked" "_" 0.480 1.000 0.480 1.000 0.000 0.000 0.000 0.000 0.000 0.000 0.000 0.000 0.000 0.000 0.000 0.000 0.000 0.000 0.000 0.000 0.000 0.000 0.000 0.000 0.760 1.000 0.760 1.000 0.570 1.000 0.570 1.000 0.000 0.000 0.000 0.000 0.000 0.000 0.000 0.000 0.000 0.000 0.000 0.000 0.000 0.000 0.000 0.000 0.000 0.000 0.000 0.000 0.000 0.000 0.310 1.000 0.310 1.000 0.000 0.000 0.000 0.000 0.000 0.000 0.000 0.000 0.000 0.000 0.000 0.000 0.000 0.000 0.000 0.000 0.000 0.000 0.000 0.000 0.000 0.000 0.000 0.000 0.000 0.000 0.520 1.000 0.510 1.000 0.510 1.000 0.000 0.000 0.000 0.000 0.000 0.000 0.000 0.000 0.000 0.000 0.000 0.000 "shocked"
"angrier" "_" 0.000 0.000 0.000 0.000 0.430 1.000 0.430 1.000 0.000 0.000 0.000 0.000 0.000 0.000 0.000 0.000 0.000 0.000 0.000 0.000 0.460 1.000 0.460 1.000 0.000 0.000 0.000 0.000 0.000 0.000 0.000 0.000 1.000 1.000 1.000 1.000 0.830 1.000 0.830 1.000 0.780 1.000 0.515 1.000 0.000 0.000 0.560 1.000 0.280 1.000 0.000 0.000 0.000 0.000 0.000 1.000 0.000 1.000 0.000 0.000 0.000 0.000 0.000 0.000 0.000 0.000 0.000 0.000 0.000 0.000 0.000 0.000 0.500 1.000 0.260 1.000 0.000 0.000 0.000 0.000 0.000 0.000 0.390 1.000 0.000 0.000 0.000 0.000 0.000 0.000 0.000 0.000 0.000 0.000 0.000 0.000 0.000 0.000 0.000 0.000 0.000 0.000 "angrier"
"concerned" "_" 0.090 1.000 0.090 1.000 0.000 0.000 0.000 0.000 0.000 0.000 0.000 0.000 0.000 0.000 0.000 0.000 0.000 0.000 0.000 0.000 0.000 0.000 0.000 0.000 0.189 1.000 0.430 1.000 0.240 1.000 0.240 1.000 0.940 1.000 0.752 1.000 0.000 0.000 0.000 0.000 0.000 0.000 0.000 0.000 0.000 0.000 0.310 1.000 0.310 1.000 0.000 0.000 0.000 0.000 0.530 1.000 0.349 1.000 0.000 0.000 0.000 1.000 0.000 1.000 0.000 0.000 0.000 0.000 0.000 0.000 0.000 0.000 0.000 0.000 0.000 0.000 0.000 0.000 0.000 0.000 0.000 0.000 0.000 0.000 0.220 1.000 0.000 1.000 0.000 1.000 0.000 0.000 0.000 0.000 0.000 0.000 0.000 0.000 0.000 0.000 0.000 0.000 "concerned"
"pain_2" "_" 0.000 0.000 0.000 0.000 1.000 1.000 1.000 1.000 0.000 0.000 0.000 0.000 0.000 0.000 0.000 0.000 0.000 0.000 0.000 0.000 0.300 1.000 0.300 1.000 0.480 1.000 0.480 1.000 0.060 1.000 0.060 1.000 0.790 1.000 0.790 1.000 0.440 1.000 0.299 1.000 0.890 1.000 0.730 1.000 0.000 0.000 0.600 1.000 0.432 1.000 0.000 0.000 0.000 0.000 0.000 1.000 0.000 1.000 0.000 1.000 0.000 0.000 0.000 0.000 0.000 0.000 0.000 0.000 0.000 0.000 0.000 0.000 0.750 1.000 0.240 1.000 0.000 0.000 0.000 0.000 0.000 0.000 0.000 0.000 0.000 0.000 0.000 0.000 0.000 0.000 0.000 0.000 0.000 0.000 0.000 0.000 0.000 0.000 0.000 1.000 0.000 0.000 "pain_2"
"maniacal smile" "_" 0.430 1.000 0.370 1.000 0.000 1.000 0.000 1.000 0.130 0.000 0.120 0.000 0.000 0.000 0.000 0.000 0.000 0.000 0.000 1.000 0.000 0.000 0.000 0.000 0.840 1.000 0.840 1.000 0.810 1.000 0.810 1.000 0.400 1.000 0.540 1.000 0.540 1.000 0.540 1.000 0.440 1.000 0.440 1.000 0.700 1.000 0.040 1.000 0.040 1.000 0.910 1.000 0.892 1.000 0.000 0.000 0.000 0.000 0.000 0.000 1.000 1.000 1.000 1.000 0.000 0.000 0.000 0.000 0.100 0.000 0.100 0.000 0.000 0.000 0.000 0.000 0.000 0.000 0.000 0.000 0.390 0.000 0.000 0.000 0.000 1.000 0.510 1.000 0.510 1.000 0.000 0.000 0.000 0.000 -0.020 0.000 0.100 0.000 0.000 0.000 0.000 0.000 "maniacal smile"
"pain_1" "_" 0.250 1.000 0.250 1.000 0.000 1.000 0.000 1.000 0.000 1.000 0.000 1.000 0.000 1.000 0.000 1.000 0.000 0.000 0.000 0.000 0.750 1.000 0.750 1.000 0.284 1.000 0.330 1.000 0.000 1.000 0.000 1.000 0.540 1.000 0.750 1.000 0.360 1.000 0.209 1.000 0.860 1.000 0.585 1.000 0.000 0.000 0.000 1.000 0.000 1.000 0.000 0.000 0.000 0.000 0.830 1.000 0.830 1.000 0.000 1.000 0.570 1.000 0.502 1.000 0.000 1.000 0.000 1.000 0.000 1.000 0.000 1.000 0.660 1.000 0.607 1.000 0.000 1.000 0.000 0.000 0.000 0.000 0.000 0.000 0.000 0.000 0.000 0.000 0.000 0.000 0.000 0.000 0.000 0.000 -0.020 1.000 -0.400 1.000 0.200 1.000 0.000 0.000 "pain_1"
"fear" "_" 0.780 1.000 0.780 1.000 0.000 0.000 0.000 0.000 0.000 0.000 0.000 0.000 0.000 0.000 0.000 0.000 0.000 0.000 0.000 0.000 0.000 0.000 0.000 0.000 1.000 1.000 1.000 1.000 0.480 1.000 0.480 1.000 1.000 1.000 1.000 1.000 0.000 0.000 0.000 0.000 0.000 0.000 0.000 0.000 0.000 0.000 0.140 1.000 0.140 1.000 0.000 0.000 0.000 0.000 0.600 1.000 0.600 1.000 0.000 0.000 0.000 0.000 0.000 0.000 0.000 0.000 0.000 0.000 0.000 0.000 0.000 0.000 0.960 1.000 0.960 1.000 0.000 0.000 0.000 1.000 0.000 0.000 0.000 0.000 0.220 1.000 1.000 1.000 1.000 1.000 0.000 0.000 0.000 0.000 0.000 0.000 0.000 0.000 0.000 1.000 0.000 0.000 "fear"
"dead" "_" 0.000 0.000 0.000 0.000 0.000 0.000 0.000 0.000 0.000 0.000 0.000 0.000 0.000 0.000 0.000 0.000 0.000 0.000 1.000 1.000 0.000 0.000 0.000 0.000 0.000 0.000 0.000 0.000 0.000 0.000 0.000 0.000 0.000 0.000 0.000 0.000 0.000 0.000 0.000 0.000 0.000 0.000 0.000 0.000 0.000 0.000 0.000 0.000 0.000 0.000 0.000 0.000 0.000 0.000 0.000 0.000 0.000 0.000 0.000 0.000 0.000 0.000 0.000 0.000 0.000 0.000 0.000 0.000 0.000 0.000 0.000 0.000 0.000 0.000 0.000 0.000 0.000 0.000 0.000 0.000 0.000 0.000 0.000 0.000 0.420 1.000 0.450 1.000 0.450 1.000 0.000 0.000 0.000 0.000 0.000 0.000 0.420 1.000 0.000 0.000 0.000 0.000 "daed"
"serious" "_" 1.000 1.000 1.000 1.000 0.000 1.000 0.000 1.000 0.000 0.000 0.000 0.000 0.350 1.000 0.350 1.000 0.000 1.000 0.000 0.000 0.700 1.000 0.700 1.000 0.274 1.000 0.380 1.000 0.000 0.000 0.000 0.000 0.700 1.000 0.224 1.000 0.540 1.000 0.086 1.000 0.290 1.000 0.168 1.000 0.000 0.000 0.000 1.000 0.000 1.000 0.000 1.000 0.000 1.000 0.030 1.000 0.030 1.000 0.310 1.000 0.000 0.000 0.000 0.000 0.000 0.000 0.000 0.000 0.000 0.000 0.000 0.000 0.450 1.000 0.252 1.000 0.000 0.000 0.000 0.000 0.000 0.000 0.000 0.000 0.000 0.000 0.000 0.000 0.000 0.000 0.000 0.000 0.000 0.000 0.140 1.000 0.300 1.000 0.000 1.000 0.000 0.000 "serious"
"optismistic2 - dialogue" "_" 0.240 1.000 0.240 1.000 0.000 0.000 0.000 0.000 0.000 0.000 0.000 0.000 0.000 0.000 0.000 0.000 0.000 0.000 0.000 0.000 0.000 0.000 0.000 0.000 0.780 1.000 0.593 1.000 0.205 1.000 0.210 1.000 0.140 1.000 0.140 1.000 0.510 1.000 0.245 1.000 0.000 0.000 0.000 0.000 0.000 0.000 0.000 0.000 0.000 0.000 0.555 1.000 0.750 1.000 0.000 0.000 0.000 0.000 0.000 0.000 0.502 1.000 0.570 1.000 0.000 0.000 0.000 0.000 0.000 0.000 0.000 0.000 0.000 0.000 0.000 0.000 0.000 0.000 0.000 0.000 0.000 0.000 0.000 0.000 0.000 0.000 0.000 0.000 0.000 0.000 0.000 0.000 0.000 0.000 0.000 0.000 0.000 0.000 0.000 0.000 0.000 0.000 "opt 2"
"gruff2 - dialogue" "_" 0.000 0.000 0.000 0.000 0.740 1.000 0.740 1.000 0.000 0.000 0.000 0.000 0.000 0.000 0.000 0.000 0.000 0.000 0.000 0.000 0.000 0.000 0.000 0.000 0.000 1.000 0.000 1.000 0.000 0.000 0.000 0.000 0.700 1.000 0.434 1.000 0.570 1.000 0.342 1.000 0.510 1.000 0.316 1.000 0.250 1.000 0.330 1.000 0.205 1.000 0.000 0.000 0.000 0.000 0.000 0.000 0.000 0.000 0.000 0.000 0.000 0.000 0.000 0.000 0.000 0.000 0.000 0.000 0.000 0.000 0.000 0.000 0.000 1.000 0.000 1.000 0.000 1.000 0.000 0.000 0.000 0.000 0.000 0.000 0.000 0.000 0.000 0.000 0.000 0.000 0.000 0.000 0.000 0.000 0.000 0.000 0.000 0.000 0.000 0.000 0.000 0.000 "gruff2"
"disgusted" "_" 0.000 0.000 0.000 0.000 1.000 1.000 1.000 1.000 0.000 0.000 0.000 0.000 0.000 0.000 0.000 0.000 0.000 0.000 0.000 0.000 0.560 1.000 0.560 1.000 0.359 1.000 0.460 1.000 0.000 0.000 0.000 0.000 1.000 1.000 0.660 1.000 0.840 1.000 0.437 1.000 1.000 1.000 1.000 1.000 0.750 1.000 0.560 1.000 0.347 1.000 0.000 0.000 0.000 0.000 0.000 1.000 0.000 1.000 0.000 1.000 0.000 0.000 0.000 0.000 0.000 0.000 0.000 0.000 0.000 0.000 0.000 0.000 0.740 1.000 0.740 1.000 0.000 0.000 0.000 0.000 0.000 0.000 0.000 0.000 0.000 0.000 0.000 0.000 0.000 0.000 0.000 0.000 0.000 0.000 0.000 0.000 0.000 0.000 0.000 1.000 0.000 0.000 "disgusted"
"fear - dialogue" "_" 0.490 1.000 0.490 1.000 0.000 1.000 0.000 1.000 0.000 0.000 0.000 0.000 0.000 0.000 0.000 0.000 0.000 0.000 0.000 0.000 0.000 0.000 0.000 0.000 0.940 1.000 0.940 1.000 0.200 1.000 0.200 1.000 1.000 1.000 1.000 1.000 0.000 0.000 0.000 0.000 0.000 0.000 0.000 0.000 0.000 0.000 0.150 1.000 0.150 1.000 0.000 0.000 0.000 0.000 0.710 1.000 0.582 1.000 0.180 1.000 0.000 1.000 0.000 1.000 0.000 0.000 0.000 0.000 0.000 0.000 0.000 0.000 0.060 1.000 0.060 1.000 0.000 1.000 0.140 1.000 0.000 0.000 0.000 0.000 0.080 1.000 0.300 1.000 0.300 1.000 0.000 0.000 0.000 0.000 0.000 0.000 0.000 0.000 0.340 1.000 0.000 0.000 "fear dialogue"
"concerned_fear - dialogue" "_" 0.560 1.000 0.560 1.000 0.000 0.000 0.000 0.000 0.000 0.000 0.000 0.000 0.000 0.000 0.000 0.000 0.000 0.000 0.000 0.000 0.000 0.000 0.000 0.000 1.000 1.000 1.000 1.000 0.090 1.000 0.090 1.000 1.000 1.000 1.000 1.000 0.000 0.000 0.000 0.000 0.000 0.000 0.000 0.000 0.540 1.000 0.180 1.000 0.180 1.000 0.000 1.000 0.000 1.000 1.000 1.000 1.000 1.000 0.660 1.000 0.000 1.000 0.000 1.000 0.000 0.000 0.000 0.000 0.000 0.000 0.000 0.000 0.310 1.000 0.310 1.000 0.000 0.000 0.000 0.000 0.000 0.000 0.000 0.000 0.000 0.000 0.000 0.000 0.000 0.000 0.000 0.000 0.000 0.000 0.000 0.000 0.000 0.000 0.730 1.000 0.000 0.000 "more amped up fear...dying"
"fear 2 - dialogue" "_" 0.460 1.000 0.460 1.000 0.000 0.000 0.000 0.000 0.000 0.000 0.000 0.000 0.000 0.000 0.000 0.000 0.000 0.000 0.000 0.000 0.000 0.000 0.000 0.000 0.800 1.000 0.800 1.000 0.160 1.000 0.160 1.000 0.460 1.000 0.460 1.000 0.000 0.000 0.000 0.000 0.000 1.000 0.000 1.000 0.310 1.000 0.280 1.000 0.280 1.000 0.000 0.000 0.000 0.000 0.630 1.000 0.542 1.000 0.410 1.000 0.040 1.000 0.040 1.000 0.000 0.000 0.000 0.000 0.000 0.000 0.000 0.000 0.300 1.000 0.300 1.000 0.000 0.000 0.000 0.000 0.000 0.000 0.000 0.000 0.000 0.000 0.000 0.000 0.000 0.000 0.000 0.000 0.000 0.000 0.000 0.000 0.000 0.000 0.000 0.000 0.000 0.000 "fear 2"
"angrier - dialogue" "_" 1.000 1.000 1.000 1.000 0.000 1.000 0.000 1.000 0.000 0.000 0.000 0.000 0.360 1.000 0.360 1.000 0.000 0.000 0.000 0.000 0.430 1.000 0.430 1.000 0.110 1.000 0.110 1.000 0.000 1.000 0.000 1.000 1.000 1.000 1.000 1.000 0.300 1.000 0.300 1.000 0.700 1.000 0.700 1.000 1.000 1.000 0.600 1.000 0.288 1.000 0.000 0.000 0.000 0.000 0.460 1.000 0.184 1.000 0.000 1.000 0.000 0.000 0.000 0.000 0.000 0.000 0.000 0.000 0.000 0.000 0.000 0.000 0.610 1.000 0.610 1.000 0.000 0.000 0.000 0.000 0.000 0.000 0.000 0.000 0.000 1.000 0.570 1.000 0.570 1.000 0.000 0.000 0.000 0.000 0.080 1.000 0.000 0.000 0.000 0.000 0.000 0.000 "angrier dialogue"
"pain3" "_" 0.110 1.000 0.110 1.000 1.000 1.000 1.000 1.000 0.000 0.000 0.000 0.000 0.000 0.000 0.000 0.000 0.000 0.000 0.000 0.000 1.000 1.000 1.000 1.000 0.540 1.000 0.540 1.000 0.000 0.000 0.000 0.000 1.000 1.000 1.000 1.000 0.690 1.000 0.552 1.000 0.840 1.000 0.504 1.000 0.000 0.000 0.750 1.000 0.585 1.000 0.000 1.000 0.000 1.000 0.800 1.000 1.000 1.000 0.000 0.000 0.290 1.000 0.290 1.000 0.000 0.000 0.000 0.000 0.000 0.000 0.000 0.000 0.880 1.000 1.000 1.000 0.000 1.000 0.000 0.000 0.250 1.000 0.000 0.000 0.000 0.000 0.000 0.000 0.000 0.000 0.000 0.000 0.000 0.000 0.000 0.000 0.000 0.000 0.000 0.000 0.000 0.000 "pain3"
"angry" "_" 0.000 0.000 0.000 0.000 0.430 1.000 0.430 1.000 0.000 0.000 0.000 0.000 0.000 0.000 0.000 0.000 0.000 0.000 0.000 0.000 0.480 1.000 0.480 1.000 0.000 0.000 0.000 0.000 0.000 0.000 0.000 0.000 0.780 1.000 0.780 1.000 0.360 1.000 0.360 1.000 0.760 1.000 0.502 1.000 0.000 0.000 0.160 1.000 0.080 1.000 0.000 0.000 0.000 0.000 0.000 1.000 0.000 1.000 0.000 1.000 0.000 0.000 0.000 0.000 0.000 0.000 0.000 0.000 0.000 0.000 0.000 0.000 0.500 1.000 0.261 1.000 0.000 0.000 0.000 0.000 0.000 0.000 0.060 1.000 0.000 0.000 0.000 0.000 0.000 0.000 0.000 0.000 0.000 0.000 0.000 0.000 0.000 0.000 0.230 1.000 0.000 0.000 "angry1"
"angry2" "_" 0.000 0.000 0.000 0.000 0.160 1.000 0.160 1.000 0.000 0.000 0.000 0.000 0.000 0.000 0.000 0.000 0.000 0.000 0.000 0.000 0.130 1.000 0.130 1.000 0.000 0.000 0.000 0.000 0.000 0.000 0.000 0.000 1.000 1.000 1.000 1.000 0.830 1.000 0.830 1.000 0.780 1.000 0.515 1.000 0.000 0.000 0.160 1.000 0.080 1.000 0.000 0.000 0.000 0.000 0.493 1.000 0.560 1.000 0.000 1.000 0.440 1.000 0.440 1.000 0.000 0.000 0.000 0.000 0.000 0.000 0.000 0.000 1.000 1.000 0.960 1.000 0.000 0.000 0.000 0.000 0.000 0.000 0.760 1.000 0.000 0.000 0.000 0.000 0.000 0.000 0.000 0.000 0.000 0.000 0.000 0.000 0.000 0.000 0.180 1.000 0.000 0.000 "angry2"
"worried" "_" 1.000 1.000 1.000 1.000 0.000 0.000 0.000 0.000 0.000 0.000 0.000 0.000 0.330 1.000 0.330 1.000 0.000 0.000 0.000 0.000 0.600 1.000 0.600 1.000 0.510 1.000 0.750 1.000 0.080 1.000 0.080 1.000 0.940 1.000 0.771 1.000 0.000 0.000 0.000 0.000 0.710 1.000 0.469 1.000 0.000 0.000 0.260 1.000 0.161 1.000 0.000 0.000 0.000 0.000 0.790 1.000 0.316 1.000 0.000 0.000 0.000 1.000 0.000 1.000 0.000 0.000 0.000 0.000 0.000 0.000 0.000 0.000 0.540 1.000 0.216 1.000 0.000 0.000 0.000 0.000 0.050 1.000 0.000 0.000 0.080 1.000 0.000 1.000 0.000 1.000 0.000 0.000 0.000 0.000 0.000 1.000 0.120 1.000 0.000 0.000 0.000 0.000 "worried"
